Canonical LP Problem:
 
  m =   1     n =   3
 
 A_can
  0.409999996     -0.819999993      0.409999996    
 
 c_can
      0.0000000
      2.0000000
     -1.0000000
 
 Feasibility check: A*x_initial =    0.00000000    
 
 
Iter        X Value    Potential Diff   Optimum Value
 
    1      0.2611645     -0.6839680      0.2611645
           0.3333333
           0.4055021
 
 
    2      0.1949627     -0.7359105      0.1949627
           0.3333333
           0.4717040
 
 
    3      0.1400731     -0.7713666      0.1400730
           0.3333333
           0.5265936
 
 
    4      0.0979815     -0.7916722      0.0979813
           0.3333333
           0.5686852
 
 
    5      0.0673575     -0.8019776      0.0673574
           0.3333333
           0.5993092
 
 
    6      0.0457984     -0.8068838      0.0457982
           0.3333333
           0.6208683
 
 
    7      0.0309240     -0.8090973      0.0309240
           0.3333333
           0.6357427
 
 
    8      0.0207882     -0.8100982      0.0207883
           0.3333333
           0.6458784
 
 
    9      0.0139346     -0.8103166      0.0139359
           0.3333337
           0.6527316
 
 
   10      0.0093233     -0.8110991      0.0093231
           0.3333333
           0.6573434
 
 
   11      0.0062303     -0.8106995      0.0062305
           0.3333334
           0.6604363
 
 
   12      0.0041601     -0.8102798      0.0041611
           0.3333337
           0.6625062
 
 
   13      0.0027763     -0.8058510      0.0027817
           0.3333351
           0.6638885
 
 
   14      0.0018522     -0.8205128      0.0018498
           0.3333325
           0.6648152
 
 
   15      0.0012354     -0.8156605      0.0012318
           0.3333322
           0.6654325
 
 
   16      0.0008238     -0.8420486      0.0008130
           0.3333297
           0.6658465
 
 
   17      0.0005493     -0.7674599      0.0005500
           0.3333336
           0.6661171
 
 
   18      0.0003663     -0.8644686      0.0003603
           0.3333313
           0.6663024
 
 
   19      0.0002442     -0.4112597      0.0002744
           0.3333434
           0.6664124
 
 
   20      0.0001628     -0.8676710      0.0001795
           0.3333389
           0.6664982
 
 
   21      0.0001085     -4.3220358      0.0000371
           0.3333095
           0.6665819
 
 Optimum value went negative:   -1.30653381E-04
 
   22      0.0000724            NaN     -0.0001307
           0.3332657
           0.6666620
 
 Total iterations:           22 Final Potential Difference:               NaN
 Optimum value check: c^T*x_opt =   -1.30653381E-04
 
 x_can
      0.0000724
      0.3332657
      0.6666620
 
 Optimum value of LP:   -1.30653381E-04
