Equality LP Problem:
 
  m =   2     n =   3
 
 A_eq
  -8.00000000       4.00000000       1.00000000    
   1.00000000       1.00000000       1.00000000    
 
 b_eq
      1.0000000
      1.0000000
 
 c_eq
      3.0000000
     -1.0000000
      1.0000000
 
 x0
      0.1111111
      0.3333333
      0.5555556
 
 Equality form converted to Canonical form:
 
 
 A_can
 -0.888888896       1.33333337      0.555555582      -1.00000000    
  0.111111112      0.333333343      0.555555582      -1.00000000    
 
 c_can
      0.3333333
     -0.3333333
      0.5555556
      0.0000000
 
 Feasibility check: A*x_initial =    0.00000000    
 
Iter        X Value    Potential Diff   Optimum Value

    1      0.2834564     -0.9004292      0.1096809
           0.2834564
           0.1974255
           0.2356615
 
    2      0.3133166     -0.9586246      0.0836125
           0.3133166
           0.1505024
           0.2228643
 
    3      0.3382588     -1.0090857      0.0618376
           0.3382588
           0.1113076
           0.2121748
 
    4      0.3579063     -1.0470433      0.0446850
           0.3579062
           0.0804330
           0.2037544
 
    5      0.3726915     -1.0720210      0.0317773
           0.3726914
           0.0571992
           0.1974179
 
    6      0.3834700     -1.0867662      0.0223676
           0.3834699
           0.0402616
           0.1927986
 
    7      0.3911702     -1.0948133      0.0156453
           0.3911699
           0.0281614
           0.1894985
 
    8      0.3966039     -1.0990181      0.0109016
           0.3966037
           0.0196227
           0.1871698
 
    9      0.4004103     -1.1011400      0.0075785
           0.4004101
           0.0136411
           0.1855385
 
   10      0.4030655     -1.1019878      0.0052610
           0.4030645
           0.0094693
           0.1844007
 
   11      0.4049121     -1.1026754      0.0036487
           0.4049115
           0.0065673
           0.1836092
 
   12      0.4061945     -1.1029768      0.0025290
           0.4061941
           0.0045520
           0.1830594
 
   13      0.4070835     -1.1043978      0.0017517
           0.4070850
           0.0031539
           0.1826777
 
   14      0.4076996     -1.1047001      0.0012129
           0.4077020
           0.0021847
           0.1824137
 
   15      0.4081283     -1.0997372      0.0008407
           0.4081278
           0.0015130
           0.1822309
 
   16      0.4084273     -1.0903797      0.0005840
           0.4084214
           0.0010477
           0.1821037
 
   17      0.4086342     -1.0846996      0.0004063
           0.4086245
           0.0007255
           0.1820159
 
   18      0.4087831     -1.0205975      0.0002872
           0.4087588
           0.0005023
           0.1819557
 
   19      0.4088903     -0.9179592      0.0002083
           0.4088452
           0.0003478
           0.1819168
 
   20      0.4089612     -0.9592648      0.0001495
           0.4089141
           0.0002408
           0.1818838
 
   21      0.4090198     -0.6521091      0.0001158
           0.4089501
           0.0001667
           0.1818633
 
   22      0.4090509     -0.8634682      0.0000851
           0.4089878
           0.0001154
           0.1818459
 
   23      0.4090943      0.0698509      0.0000790
           0.4089904
           0.0000799
           0.1818355
 
Total iterations:      23     Final Potential Difference:       0.0698509

 Optimum value check: c^T*x_can =    7.90367485E-05
 
 x_can
      0.4090943
      0.4089904
      0.0000799
      0.1818355
 
 x_art
      0.4090943
      0.4089904
      0.0000799
      0.1818355
 
Wrong input arguments. Optimum value is not zero.

 Optimum value check: c^T*x_opt =    4.34626680E-04
 
 x_opt
      0.2499783
      0.7497443
      0.0002441
 
 Optimum value of LP:    4.34626680E-04
