Standard LP Problem
 
  m =  15     n =  30
 
 A_std
  0.945496380      0.993846357      0.939824939       8.25284570E-02  0.974566638      0.980622351      0.892414212      0.590975583      0.790622711      0.341826469      0.649130166      0.415950537      0.461306334      0.178952366      0.145810261       1.14074964E-02  0.753341019      0.583824992      0.602909148      0.345000565      0.689009905      0.498199940      0.764919043      0.500616193      0.138377711      0.671357453      0.537281811      0.580908358      0.170653045      0.745981455    
  0.957789004      0.575766802      0.637706399       5.57703823E-02  0.541202962      0.319965512      0.805711031      0.526292682      0.996257365       7.75874406E-02  0.930517912      0.880619228      0.175347969      0.652449965      0.632977903      0.725800037      0.402311325      0.347008139       9.38629434E-02  0.424687356      0.189953804      0.246469170      0.994495630      0.856027901      0.714075446      0.505122602       9.57500339E-02  0.326473862      0.165606409      0.710027933    
  0.559505582      0.912658572      0.931021929      0.332846820      0.998576760      0.660574436      0.584998429      0.400901854       9.77484584E-02   1.21227652E-02  0.214771912      0.567847371       7.32135326E-02  0.726786196      0.459157050      0.521249652      0.646435857      0.165965304      0.554466188      0.720501125      0.553640366      0.407300562      0.487979531      0.260871261      0.465872139      0.595567703      0.270772785       4.60904911E-02  0.346953899      0.439148813    
  0.610803843       5.28335422E-02  0.685533106      0.156300992       7.96023905E-02  0.274593323       6.85038641E-02  0.957643986      0.858379960      0.747306705      0.671479166      0.810981870      0.499905050       9.54961851E-02   5.26702106E-02  0.642809808      0.646965384      0.378877550      0.912755728      0.461933732       3.36994193E-02  0.500378788      0.472213149      0.463448226      0.913203776      0.706408799      0.878441334      0.642861068      0.254138499      0.774041235    
  0.780538619      0.973352432      0.754946887      0.950746477      0.877386034       8.97470787E-02  0.344475925      0.122115955      0.792347610      0.983820021      0.550262451      0.172071218      0.903972447       4.42325696E-03  0.228198662      0.704233229      0.547206402      0.795140624      0.685038507      0.720253527      0.386141270      0.865863085      0.486306220      0.174189076      0.215931013      0.612489522      0.963996649      0.565986931      0.305794358      0.311465025    
  0.512474418      0.134821698      0.392265737      0.196142241      0.227322936      0.379137039      0.606959760      0.402829081      0.986702204       6.34397417E-02  0.261138558       9.23560001E-04   6.46328554E-02  0.341679811      0.334865957       4.77549620E-02  0.898336291      0.928505898      0.442145288      0.301294953      0.876318991      0.561115503      0.348491758      0.595806599      0.152634904      0.111525752      0.891214132      0.542069614      0.485867649      0.792457581    
  0.157369882      0.948225737      0.810324073      0.562699020      0.616541147      0.156267494      0.172271624      0.348231435      0.504126191      0.231771067      0.955572844      0.522272944      0.284447432      0.612735033       9.22285616E-02  0.617623210      0.338000357      0.398243427      0.135976106      0.864396453      0.292876899      0.668401599      0.100738630      0.721931040      0.334836990      0.413285375      0.636218250      0.564044774      0.977585852      0.834922791    
  0.915691912      0.829774916      0.116244599      0.282259822      0.207082003      0.387881845      0.369181573      0.725939095      0.848460138      0.376368225      0.313062966      0.841358006      0.707921922      0.238049373       8.54518563E-02  0.392832756      0.771825254      0.277269691      0.350538611      0.911120296      0.381961763      0.825529754      0.114212744      0.494678885      0.605381429       8.73965770E-02  0.920418918      0.900208712      0.285714239      0.547409534    
   3.34820189E-02   2.72104293E-02  0.722956598      0.941008747      0.427294612      0.129956782      0.834769487      0.858320892       6.96686059E-02  0.620761991      0.649402857      0.703669071       4.36581559E-02  0.895923972      0.189317450      0.340251267       6.74172416E-02   7.18826577E-02  0.502671719      0.198563576      0.631453872      0.678553343      0.573627412       6.78162873E-02  0.645802617      0.874246836      0.480568588      0.807995498      0.999348164      0.312112480    
  0.732267737      0.325701296      0.731137991      0.534074485      0.540671289      0.183532059      0.970687032      0.799416184      0.920291603      0.146498233      0.514101505      0.566147745      0.762611687      0.793971777      0.858382404      0.603195071       8.16197842E-02  0.131867766      0.403437525      0.257901698      0.845336616      0.446210265      0.955563307      0.788372159       4.64498578E-03  0.466879815      0.916493356      0.980242491       4.47813570E-02  0.674272716    
  0.223781928       6.16195202E-02  0.236297905      0.189870819       6.23344220E-02  0.623422027      0.336895376      0.787520468      0.341081858      0.195843652      0.504238069      0.244976684      0.214937687      0.284154683      0.833169997      0.900028467      0.783714294      0.301636666      0.574502051      0.553846180      0.572684586      0.455726534      0.152802408      0.170499057       6.82759807E-02  0.849224210      0.504080057      0.935675263      0.640299618      0.501708210    
  0.102919668      0.639299750      0.458945632      0.158934414      0.654647052      0.854061306      0.200414523      0.856899261      0.562886477      0.544266701      0.728870571      0.323020101      0.457721412      0.787710547       8.78051668E-02  0.778627098      0.886113524      0.607613206      0.656051815      0.493118972      0.109536961      0.396026999      0.150115073      0.577731311      0.514399529      0.911801398       7.40017742E-02  0.893736720      0.515281856      0.209810808    
  0.770821035      0.710908771      0.499091595      0.210625574      0.653239906      0.208352953      0.366874248      0.906222999      0.432756960      0.490208894      0.127874613      0.998676658      0.923605919       5.08484021E-02  0.741486728      0.385510355      0.910387814      0.154655591      0.263329774      0.850794077      0.987762332       2.60060206E-02  0.983918905      0.930388689      0.512660444      0.646099985      0.747842908       3.34606096E-02  0.342385799      0.290139347    
  0.189624965      0.243649781      0.232416674      0.984094203       2.89115589E-03  0.788117290       5.56341670E-02  0.890258133      0.346087992      0.940705538      0.188634127      0.758906424       4.50772345E-02  0.609102011      0.167548254      0.272402555      0.887966454      0.296544641      0.783743024      0.296440929      0.321082741       8.32041726E-02  0.725486636       4.26961705E-02  0.284090489       2.16525001E-03  0.995633781      0.372481704      0.478113472      0.372239560    
   2.68931910E-02   2.17730608E-02  0.227112666      0.670909405      0.591657102      0.887361944       4.34694439E-02  0.568322182      0.700918794      0.437832385      0.373678595      0.940587938      0.613088548      0.177851245      0.983578920      0.269872874       5.25128692E-02   2.55609509E-02  0.368914425      0.282839835      0.437763929      0.412552208      0.254150093      0.594522417      0.708970726      0.391357005      0.617277384      0.300123215      0.653284132      0.230215535    
 
 b_std
      0.5568815
      0.5086574
      0.0051689
      0.8739275
      0.0998219
      0.7064005
      0.4724210
      0.9797314
      0.3448341
      0.6259856
      0.9389989
      0.7543221
      0.8917279
      0.2699636
      0.2783247
 
 c_std
      0.1709467
      0.1019088
      0.7814561
      0.9321906
      0.3275521
      0.1672189
      0.4483010
      0.5953653
      0.3056244
      0.6289455
      0.6864777
      0.6301108
      0.2724911
      0.7579709
      0.2168408
      0.4426682
      0.9238696
      0.4767197
      0.2279357
      0.9146187
      0.9964010
      0.5111346
      0.6399586
      0.7831316
      0.0932829
      0.8060580
      0.4169114
      0.0297922
      0.7175734
      0.2565641
 
 Feasibility check: A*x_initial =    2.98023224E-08
 
Total iterations:     185     Final Potential Difference:       0.4047546

 Optimum value check: c^T*x_can =    1.16339663E-06
 
 x_opt
      0.0004451
      1.0595660
      0.0000264
      0.0000204
      0.0000790
      0.0001464
      0.0000476
      0.0000413
      0.0000881
      0.0000335
      0.0000281
      0.0000384
      0.0001370
      0.0000246
      0.0001717
      0.0000487
      0.0000238
      0.0000426
      0.0001120
      0.0000234
      0.0000217
      0.0000376
      0.0000375
      0.0000288
      0.2042705
      0.0000261
      0.0000660
      0.9829800
      0.0000279
      0.0000994
 
 Optimum value of LP:   0.157008126    
 Optimum value of Dual LP:   0.156824216    
 Relative error in Optimum Value:    9.19550657E-05
 Relative error percentage in Optimum Value:    5.86013943E-02
