Standard LP Problem
 
  m =   3     n =   4
 
 A_std
   5.00000000      -2.00000000      -3.00000000       4.00000000    
  -3.00000000       4.00000000      -2.00000000       1.00000000    
   1.00000000       1.00000000       1.00000000       1.00000000    
 
 b_std
      0.0000000
      0.0000000
      1.0000000
 
 c_std
      1.5000000
      1.2500000
      1.0000000
      1.7500000
 
 Standard form converted to Canonical form:
 
 A_can
   5.00000000      -2.00000000      -3.00000000       4.00000000       0.00000000       0.00000000       0.00000000      -1.00000000      -0.00000000      -0.00000000       0.00000000       0.00000000       0.00000000       0.00000000      -3.00000000      -0.00000000    
  -3.00000000       4.00000000      -2.00000000       1.00000000       0.00000000       0.00000000       0.00000000      -0.00000000      -1.00000000      -0.00000000       0.00000000       0.00000000       0.00000000       0.00000000       1.00000000      -0.00000000    
   1.00000000       1.00000000       1.00000000       1.00000000       0.00000000       0.00000000       0.00000000      -0.00000000      -0.00000000      -1.00000000       0.00000000       0.00000000       0.00000000       0.00000000      -2.00000000      -1.00000000    
   0.00000000       0.00000000       0.00000000       0.00000000       5.00000000      -3.00000000       1.00000000       0.00000000       0.00000000       0.00000000       1.00000000       0.00000000       0.00000000       0.00000000      -2.50000000      -1.50000000    
   0.00000000       0.00000000       0.00000000       0.00000000      -2.00000000       4.00000000       1.00000000       0.00000000       0.00000000       0.00000000       0.00000000       1.00000000       0.00000000       0.00000000      -2.75000000      -1.25000000    
   0.00000000       0.00000000       0.00000000       0.00000000      -3.00000000      -2.00000000       1.00000000       0.00000000       0.00000000       0.00000000       0.00000000       0.00000000       1.00000000       0.00000000       4.00000000      -1.00000000    
   0.00000000       0.00000000       0.00000000       0.00000000       4.00000000       1.00000000       1.00000000       0.00000000       0.00000000       0.00000000       0.00000000       0.00000000       0.00000000       1.00000000      -5.25000000      -1.75000000    
   1.50000000       1.25000000       1.00000000       1.75000000      -0.00000000      -0.00000000      -1.00000000       0.00000000       0.00000000       0.00000000       0.00000000       0.00000000       0.00000000       0.00000000      -4.50000000      -0.00000000    
 
 c_can
      0.0000000
      0.0000000
      0.0000000
      0.0000000
      0.0000000
      0.0000000
      0.0000000
      0.0000000
      0.0000000
      0.0000000
      0.0000000
      0.0000000
      0.0000000
      0.0000000
      1.0000000
      0.0000000
 
 Feasibility check: A*x_initial =    0.00000000    
 
Total iterations:      57     Final Potential Difference:       1.3144531

 Optimum value check: c^T*x_can =    8.04850424E-05
 
 x_can
      0.0917454
      0.1090762
      0.0801576
      0.0001646
      0.0187073
      0.0086719
      0.3541519
      0.0004805
      0.0010386
      0.0000253
      0.0000978
      0.0000823
      0.0001118
      0.0545083
      0.0000805
      0.2809000
 
 x
      0.3266123
      0.3883097
      0.2853600
      0.0005858
      0.0665977
      0.0308717
      1.2607758
      0.0017107
      0.0036975
      0.0000902
      0.0003480
      0.0002928
      0.0003982
      0.1940488
      0.0002865
 
 x_opt
      0.3266123
      0.3883097
      0.2853600
      0.0005858
 
 Optimum value of LP:    1.26169086    
 Optimum value of Dual LP:    1.26019430    
 Relative error in Optimum Value:    7.48276711E-04
 Relative error percentage in Optimum Value:    5.93426488E-02
