Standard LP Problem
 
  m =   2     n =   4

 A_std
   1.00000000       2.00000000      -3.00000000       4.00000000    
   1.00000000       1.00000000       1.00000000       1.00000000    
 b_std
      0.0000000
      1.0000000
 c_std
      3.0000000
      2.5000000
      2.0000000
      3.5000000

 Standard form converted to Canonical form:
 
 A_can
   1.00000000       2.00000000      -3.00000000       4.00000000       0.00000000       0.00000000      -1.00000000      -0.00000000       0.00000000       0.00000000       0.00000000       0.00000000      -3.00000000      -0.00000000    
   1.00000000       1.00000000       1.00000000       1.00000000       0.00000000       0.00000000      -0.00000000      -1.00000000       0.00000000       0.00000000       0.00000000       0.00000000      -2.00000000      -1.00000000    
   0.00000000       0.00000000       0.00000000       0.00000000       1.00000000       1.00000000       0.00000000       0.00000000       1.00000000       0.00000000       0.00000000       0.00000000       0.00000000      -3.00000000    
   0.00000000       0.00000000       0.00000000       0.00000000       2.00000000       1.00000000       0.00000000       0.00000000       0.00000000       1.00000000       0.00000000       0.00000000      -1.50000000      -2.50000000    
   0.00000000       0.00000000       0.00000000       0.00000000      -3.00000000       1.00000000       0.00000000       0.00000000       0.00000000       0.00000000       1.00000000       0.00000000       3.00000000      -2.00000000    
   0.00000000       0.00000000       0.00000000       0.00000000       4.00000000       1.00000000       0.00000000       0.00000000       0.00000000       0.00000000       0.00000000       1.00000000      -2.50000000      -3.50000000    
   3.00000000       2.50000000       2.00000000       3.50000000      -0.00000000      -1.00000000       0.00000000       0.00000000       0.00000000       0.00000000       0.00000000       0.00000000      -10.0000000      -0.00000000    
 
 c_can
      0.0000000
      0.0000000
      0.0000000
      0.0000000
      0.0000000
      0.0000000
      0.0000000
      0.0000000
      0.0000000
      0.0000000
      0.0000000
      0.0000000
      1.0000000
      0.0000000
 
 Feasibility check: A*x_initial =    7.45058060E-09
 
Total iterations:      55     Final Potential Difference:       1.3406334

 Optimum value check: c^T*x_can =    7.46641163E-05
 
 x_can
      0.0000992
      0.1034240
      0.0688095
      0.0000744
      0.0173050
      0.3959377
      0.0005945
      0.0000259
      0.1034229
      0.0000992
      0.0001490
      0.1377688
      0.0000747
      0.1722152
 x
      0.0005762
      0.6005508
      0.3995555
      0.0004322
      0.1004845
      2.2990873
      0.0034523
      0.0001504
      0.6005445
      0.0005761
      0.0008652
      0.7999806
      0.0004336 
 x_opt
      0.0005762
      0.6005508
      0.3995555
      0.0004322

 Optimum value of LP:    2.30372930    
 Optimum value of Dual LP:    2.29719472    
 Relative error in Optimum Value:    3.26728821E-03
 Relative error percentage in Optimum Value:   0.142027482    
