Standard LP Problem
 
  m =  20     n =  20
 
 A_std
  0.721670508      0.555143952      0.530993819      0.881969035      0.258327395      0.343934447      0.637728870      0.454358846      0.624795377       5.99771813E-02   6.13397695E-02  0.538863361      0.175465778      0.634618580      0.886240125       2.50814501E-02  0.931435943      0.309317023      0.113189898      0.148305193    
  0.116091371      0.304474443      0.413601488      0.253251761      0.708681703      0.506105363      0.309552103      0.408900470      0.935980856       3.64623554E-02  0.937483191      0.676839292       5.33945262E-02   3.43908481E-02   3.80880386E-02  0.543940187      0.643676281      0.691404104      0.382678598      0.565388680    
  0.147634983      0.301797032      0.400014281      0.402164608      0.812888324      0.113018282      0.642194450      0.390014768       3.00341882E-02  0.822831035      0.280077159      0.637532830      0.401834279       6.96913712E-03  0.145664439       2.65616085E-03  0.267024606      0.428816557      0.679319739      0.487368673    
  0.301184982      0.302498221       4.02163155E-02  0.180511221      0.213923514      0.498293698      0.361960173      0.978382885      0.784600973      0.321589470      0.256655961       1.44784646E-02  0.628962278      0.130287588      0.182220787      0.642095506      0.882437766      0.119875684      0.327177495      0.205323681    
   1.57923773E-02   8.73980820E-02  0.915639043      0.852215052      0.412444830      0.822112978      0.464546353      0.681374848      0.788937211      0.954191983      0.616617918      0.339554816      0.969111323      0.743431747      0.584640145      0.698911488      0.131212443      0.750683129      0.872039676      0.875073016    
  0.422485292      0.899557352      0.145275190      0.177894533      0.960213065      0.252498478      0.630528748      0.866760731      0.667352080      0.104661480      0.497673780      0.897998989      0.854254007      0.857345641       4.64727357E-02  0.605330467      0.287407219      0.730968714      0.370719135      0.351860672    
  0.710250437      0.860086679      0.640229166      0.873420000      0.301314324      0.741869688      0.296250552      0.647882283      0.185989127       4.55274582E-02  0.403172791      0.668703675      0.447491527      0.408580601       6.72380179E-02  0.788799524      0.452990174      0.390810043      0.676431179      0.722227097    
  0.179441109      0.476836205      0.331371337      0.569603741      0.189918622      0.603672564       8.28644037E-02  0.958000541      0.919368982      0.180005819      0.125117213      0.902698994      0.990185022       1.39721651E-02   6.93754777E-02  0.353767723      0.405808121      0.344545901      0.778761089      0.470856637    
  0.866834998      0.186328039      0.358097792      0.330356210      0.962342501      0.925187528      0.702034056      0.115439966      0.834727764      0.357880801      0.845039010      0.661704302       4.00854275E-02  0.830178320      0.993662596      0.774284959      0.416935712      0.782863915      0.637696803      0.687349081    
  0.895389915      0.615345776      0.549814403      0.296784997       9.07296240E-02  0.626589119       8.62625986E-02  0.199460074      0.269389570      0.902608931      0.570398033      0.264456540      0.715764046      0.807084560      0.487285823      0.407653630      0.438704342      0.593402326      0.770158708      0.275540829    
  0.818355024      0.116173834      0.730527759       6.54936284E-02  0.892838776       8.28891322E-02  0.815550685      0.325493902      0.630313218      0.148186252      0.679942966      0.721208692      0.846094966      0.670040667      0.813012600      0.434629351      0.303928316      0.313236058       5.78356124E-02   1.46788936E-02
   9.25872102E-02  0.533645868      0.980443597      0.751459718      0.941551864      0.117676869      0.960571468      0.575864196      0.674308598      0.566220880      0.801238775      0.354884446      0.318239957      0.373762578      0.302562326      0.815269172      0.123438120      0.558440864       4.31544855E-02  0.708157182    
  0.113188408      0.985776186      0.315993696      0.783153415      0.662555933      0.795115292      0.324668109      0.549989820      0.104502991      0.474765390      0.420062810      0.543115914      0.659039617      0.827483177      0.165042177      0.229406029      0.624528885      0.715340972      0.297454178      0.998158216    
  0.357602924      0.940326512      0.905964792      0.459314376      0.577516317      0.503001809      0.697042704      0.678877592      0.381791383      0.381822169      0.995834053      0.148902535      0.479169816      0.509937584      0.863757908      0.627130985      0.457004488      0.735681951      0.312526286       4.46668975E-02
  0.232246548       6.75982684E-02  0.550591171      0.696871698      0.316609651      0.951777637      0.197226226      0.895992935      0.767660141      0.285374463      0.982584834      0.604867339      0.406925350      0.521337211      0.179321006      0.190090686      0.874644399      0.606956124      0.629128814      0.716531098    
  0.367725164      0.124159962      0.785561323      0.322225124      0.258247793      0.527112603      0.781210959      0.952970982       6.40504286E-02  0.288736105      0.303658754       5.09181339E-03  0.194579139      0.114175044      0.848101258      0.854076385      0.147946030      0.111719005      0.767914891      0.737729549    
  0.357016981      0.756543875      0.928702831      0.637812138      0.370630801      0.181510240      0.812397659      0.583662987      0.495608240      0.787671447      0.592596412      0.578107715      0.291502684      0.939941943       3.83162685E-02  0.461919487      0.528988302      0.661314726      0.345747471       2.05583256E-02
  0.384490460      0.233143479      0.708656728      0.708499968      0.191862836      0.642704129      0.967411280      0.624269068      0.687864065      0.394090801      0.768217027      0.256701231      0.285759121      0.603932977      0.981548011      0.480915338      0.706751704      0.716391683      0.977972329      0.523785889    
  0.131198183      0.442423701      0.393974066      0.758749425      0.638803780      0.928594410      0.281220764       9.02348161E-02  0.931317389      0.484072208      0.423879355      0.377599299      0.753309309      0.301074922      0.877558887      0.744195759      0.376367867      0.394616336      0.781162441      0.269724756    
   4.78107408E-02  0.815346658      0.522275388      0.302091897      0.375340283      0.885918856      0.477506667      0.576523185      0.651458323      0.801633894      0.140271246      0.311428308      0.869139910      0.166233495      0.131970316      0.698038399      0.614821732      0.316779494      0.997390866      0.264226884    
 
 b_std
      0.7007111
      0.8513675
      0.9340668
      0.8612930
      0.7509205
      0.7219083
      0.1128068
      0.9445194
      0.5378863
      0.2546121
      0.2659163
      0.2548102
      0.5947372
      0.7483923
      0.2288477
      0.2436038
      0.2490052
      0.0301615
      0.9237981
      0.2756459
 
 c_std
      0.2227911
      0.4502607
      0.5321082
      0.1424553
      0.2462414
      0.5784685
      0.3205878
      0.1189282
      0.8262756
      0.2149803
      0.1744760
      0.4173197
      0.8916945
      0.7094703
      0.0680891
      0.3726523
      0.1668283
      0.8839964
      0.3278626
      0.3864759
 
 Feasibility check: A*x_initial =    2.60770321E-08

Total iterations:     163     Final Potential Difference:      -0.0126343

 Optimum value check: c^T*x_can =    3.09286042E-06
 
 x_opt
      0.0001358
      0.0000705
      0.0000607
      0.0022689
      0.6554813
      0.0000529
      0.0001468
      0.8235709
      0.0000362
      0.0004722
      0.0328504
      0.0001135
      0.0000310
      0.0000351
      0.4726577
      0.0000880
      0.0008032
      0.0000339
      0.0001818
      0.0001069
 
 Optimum value of LP:   0.298291057    
 Optimum value of Dual LP:   0.298978180    
 Relative error in Optimum Value:    3.43561172E-04
 Relative error percentage in Optimum Value:   0.115043990    
