Standard LP Problem
 
  m =   4     n =   4
 
 A_std
  -1.00000000      -4.00000000      -3.00000000      -3.00000000    
  -1.00000000      -3.00000000       1.00000000      -1.00000000    
  -1.00000000      -2.00000000      -3.00000000      -2.00000000    
  -1.00000000      -3.00000000       2.00000000      -1.00000000   
 b_std
     -2.0000000
      2.0000000
     -3.0000000
      3.0000000
 c_std
     -3.0000000
     -1.0000000
     -4.0000000
     -2.0000000
 
 Standard form converted to Canonical form:
 
 A_can
  -1.00000000      -4.00000000      -3.00000000      -3.00000000       0.00000000       0.00000000       0.00000000       0.00000000      -1.00000000      -0.00000000      -0.00000000      -0.00000000       0.00000000       0.00000000       0.00000000       0.00000000       10.0000000       2.00000000    
  -1.00000000      -3.00000000       1.00000000      -1.00000000       0.00000000       0.00000000       0.00000000       0.00000000      -0.00000000      -1.00000000      -0.00000000      -0.00000000       0.00000000       0.00000000       0.00000000       0.00000000       7.00000000      -2.00000000    
  -1.00000000      -2.00000000      -3.00000000      -2.00000000       0.00000000       0.00000000       0.00000000       0.00000000      -0.00000000      -0.00000000      -1.00000000      -0.00000000       0.00000000       0.00000000       0.00000000       0.00000000       6.00000000       3.00000000    
  -1.00000000      -3.00000000       2.00000000      -1.00000000       0.00000000       0.00000000       0.00000000       0.00000000      -0.00000000      -0.00000000      -0.00000000      -1.00000000       0.00000000       0.00000000       0.00000000       0.00000000       7.00000000      -3.00000000    
   0.00000000       0.00000000       0.00000000       0.00000000      -1.00000000      -1.00000000      -1.00000000      -1.00000000       0.00000000       0.00000000       0.00000000       0.00000000       1.00000000       0.00000000       0.00000000       0.00000000       0.00000000       3.00000000    
   0.00000000       0.00000000       0.00000000       0.00000000      -4.00000000      -3.00000000      -2.00000000      -3.00000000       0.00000000       0.00000000       0.00000000       0.00000000       0.00000000       1.00000000       0.00000000       0.00000000       10.0000000       1.00000000    
   0.00000000       0.00000000       0.00000000       0.00000000      -3.00000000       1.00000000      -3.00000000       2.00000000       0.00000000       0.00000000       0.00000000       0.00000000       0.00000000       0.00000000       1.00000000       0.00000000      -2.00000000       4.00000000    
   0.00000000       0.00000000       0.00000000       0.00000000      -3.00000000      -1.00000000      -2.00000000      -1.00000000       0.00000000       0.00000000       0.00000000       0.00000000       0.00000000       0.00000000       0.00000000       1.00000000       4.00000000       2.00000000    
  -3.00000000      -1.00000000      -4.00000000      -2.00000000       2.00000000      -2.00000000       3.00000000      -3.00000000       0.00000000       0.00000000       0.00000000       0.00000000       0.00000000       0.00000000       0.00000000       0.00000000       10.0000000      -0.00000000    
 c_can
      0.0000000
      0.0000000
      0.0000000
      0.0000000
      0.0000000
      0.0000000
      0.0000000
      0.0000000
      0.0000000
      0.0000000
      0.0000000
      0.0000000
      0.0000000
      0.0000000
      0.0000000
      0.0000000
      1.0000000
      0.0000000
 
 Feasibility check: A*x_initial =    3.35276127E-08
 
Total iterations:     247     Final Potential Difference:      -0.1196594

 Optimum value check: c^T*x_can =    7.20741148E-14
 
 x_can
      0.0000000
      0.0000000
      0.0000000
      0.0000000
      0.0262727
      0.0356910
      0.0408760
      0.0345971
      0.0000000
      0.0000000
      0.0000000
      0.0000000
      0.1374369
      0.3977073
      0.0965608
      0.2308582
      0.0000000
      0.0000000
 x
      0.0893216
      0.0295558
      0.1293070
      0.0521702
***************
***************
***************
***************
      0.3646675
      0.2526156
      0.4010209
      0.4967271
***************
***************
***************
***************
      0.7574433
 x_opt
      0.0893216
      0.0295558
      0.1293070
      0.0521702
 
 Optimum value of LP:  -0.919089139    
 Optimum value of Dual LP:    2621440.00    
 Relative error in Optimum Value:    1310720.50    
 Relative error percentage in Optimum Value:    100.000076    
